0.0 0.0 0.0 0.0 0.0
3
Cell <1>
0.0 0.0 0.0 0.0 0.0
1.0 0.0 0.0
1.0 0.0 0.0
false
9
Part <1>
6
0.0 -200.0 26.0
16.0 -200.0 0.0
55.0 -200.0 0.0
68.0 -200.0 26.0
55.0 -200.0 52.0
16.0 -200.0 52.0
Part <2>
8
14.0 -172.0 8.0
57.0 -172.0 8.0
64.0 -172.0 18.0
64.0 -172.0 34.0
57.0 -172.0 42.0
14.0 -172.0 42.0
6.0 -172.0 34.0
6.0 -172.0 18.0
Part <0>
6
0.0 -242.0 26.0
16.0 -242.0 0.0
55.0 -242.0 0.0
68.0 -242.0 26.0
55.0 -242.0 52.0
16.0 -242.0 52.0
Part <-2>
4
12.0 -372.0 12.0
62.0 -372.0 12.0
12.0 -372.0 42.0
62.0 -372.0 42.0
Part <3>
4
12.0 -136.0 12.0
62.0 -136.0 12.0
62.0 -136.0 39.0
12.0 -136.0 39.0
Part <4>
4
14.0 -107.0 18.0
57.0 -107.0 18.0
57.0 -107.0 36.0
14.0 -107.0 36.0
Part <5>
2
16.0 -65.0 27.0
55.0 -65.0 27.0
Part <-1>
6
0.0 -292.0 26.0
16.0 -292.0 0.0
55.0 -292.0 0.0
68.0 -292.0 26.0
55.0 -292.0 52.0
16.0 -292.0 52.0
Part <-3>
2
16.0 -432.0 27.0
55.0 -432.0 27.0
0
Cell <3>
0.0 0.0 0.0 500.0 0.0
1.0 0.0 0.0
1.0 0.0 0.0
true
3
Part <1>
4
0.0 0.0 0.0
0.0 0.0 50.0
50.0 0.0 50.0
50.0 0.0 0.0
Part <2>
4
0.0 50.0 0.0
0.0 50.0 50.0
50.0 50.0 50.0
50.0 50.0 0.0
Part <2>
8
14.0 -172.0 8.0
57.0 -172.0 8.0
64.0 -172.0 18.0
64.0 -172.0 34.0
57.0 -172.0 42.0
14.0 -172.0 42.0
6.0 -172.0 34.0
6.0 -172.0 18.0
6
8 7 6 5
1 2 6 5
2 3 7 6
3 4 8 7
4 1 5 8
1 2 3 4
Cell <2>
0.0 0.0 0.0 0.0 0.0
1.0 0.0 0.0
1.0 0.0 0.0
false
9
Part <7>
6
0.0 27.0 53.0
16.0 27.0 27.0
55.0 27.0 27.0
68.0 27.0 53.0
55.0 27.0 79.0
16.0 27.0 79.0
Part <5>
6
0.0 -65.0 53.0
16.0 -65.0 27.0
55.0 -65.0 27.0
68.0 -65.0 53.0
55.0 -65.0 79.0
16.0 -65.0 79.0
Part <6>
6
0.0 -23.0 53.0
16.0 -23.0 27.0
55.0 -23.0 27.0
68.0 -23.0 53.0
55.0 -23.0 79.0
16.0 -23.0 79.0
Part <8>
4
12.0 107.0 39.0
62.0 107.0 39.0
12.0 107.0 69.0
62.0 107.0 69.0
Part <1>
2
16.0 -200.0 51.0
55.0 -200.0 51.0
Part <9>
2
16.0 167.0 51.0
55.0 167.0 51.0
Part <2>
4
57.0 -172.0 42.0
14.0 -172.0 42.0
14.0 -172.0 60.0
57.0 -172.0 60.0
Part <3>
4
12.0 -136.0 66.0
62.0 -136.0 66.0
62.0 -136.0 39.0
12.0 -136.0 39.0
Part <4>
8
14.0 -107.0 36.0
57.0 -107.0 36.0
64.0 -107.0 46.0
64.0 -107.0 62.0
57.0 -107.0 70.0
14.0 -107.0 70.0
6.0 -107.0 62.0
6.0 -107.0 46.0
0
