0.0 0.0 0.0 0.0 0.0
2
Cell <1>
0.0 0.0 0.0 0.0 0.0
1.0 1.0 0.3019607961177826
1.0 1.0 0.3019607961177826
true
9
Part <1>
6
0.0 -200.0 26.0
16.0 -200.0 0.0
52.0 -200.0 0.0
68.0 -200.0 26.0
52.0 -200.0 52.0
16.0 -200.0 52.0
Part <2>
8
12.0 -182.0 4.0
56.0 -182.0 4.0
64.0 -182.0 17.0
64.0 -182.0 35.0
56.0 -182.0 48.0
12.0 -182.0 48.0
4.0 -182.0 35.0
4.0 -182.0 17.0
Part <0>
6
0.0 -242.0 26.0
16.0 -242.0 0.0
52.0 -242.0 0.0
68.0 -242.0 26.0
52.0 -242.0 52.0
16.0 -242.0 52.0
Part <-2>
4
12.0 -322.0 12.0
62.0 -322.0 12.0
12.0 -322.0 42.0
62.0 -322.0 42.0
Part <3>
4
10.0 -156.0 12.0
58.0 -156.0 12.0
58.0 -156.0 40.0
10.0 -156.0 40.0
Part <4>
4
10.0 -137.0 18.0
58.0 -137.0 18.0
58.0 -137.0 34.0
10.0 -137.0 34.0
Part <5>
2
10.0 -107.0 26.0
58.0 -107.0 26.0
Part <-1>
6
0.0 -272.0 26.0
16.0 -272.0 0.0
52.0 -272.0 0.0
68.0 -272.0 26.0
52.0 -272.0 52.0
16.0 -272.0 52.0
Part <-3>
2
16.0 -352.0 27.0
55.0 -352.0 27.0
55
15 35 36 16
17 37 36 16
37 38 39 40 35 36
21 35 36
40 20 15 35
20 19 18 17 16 15
1 2 16 15
19 39 40 20
23 35 40
1 6 20 15
23 24 39 40
19 18 38 39
24 38 39
18 17 37 38
22 37 38
22 21 36 37
23 21 35
3 2 16 17
3 4 18 17
4 5 19 18
5 6 20 19
3 4 5 6 1 2
7 14 1 2
24 23 21 22
42 41 21 22
7 8 3 2
24 38 22
42 41 23 24
41 23 21
12 13 1 6
12 11 5 6
11 10 4 5
9 8 3 4
13 12 11 10 9 8 7 14
25 7 14
13 14 1
28 12 13
42 24 22
26 25 7 8
26 9 8
10 4 9
27 11 10
27 28 12 11
26 27 10 9
28 25 14 13
28 27 26 25
29 30 26 25
32 31 27 28
31 30 26 27
29 32 28 25
31 32 29 30
34 33 29 30
34 33 32 31
34 31 30
33 29 32
Cell <2>
0.0 0.0 50.0 0.0 0.0
1.0 0.0 0.0
1.0 0.0 0.0
true
9
Part <7>
6
0.0 27.0 53.0
16.0 27.0 27.0
55.0 27.0 27.0
68.0 27.0 53.0
55.0 27.0 79.0
16.0 27.0 79.0
Part <5>
6
0.0 -65.0 53.0
16.0 -65.0 27.0
55.0 -65.0 27.0
68.0 -65.0 53.0
55.0 -65.0 79.0
16.0 -65.0 79.0
Part <6>
6
0.0 -23.0 53.0
16.0 -23.0 27.0
55.0 -23.0 27.0
68.0 -23.0 53.0
55.0 -23.0 79.0
16.0 -23.0 79.0
Part <8>
4
12.0 107.0 39.0
62.0 107.0 39.0
12.0 107.0 69.0
62.0 107.0 69.0
Part <1>
2
16.0 -200.0 52.0
52.0 -200.0 52.0
Part <9>
2
16.0 167.0 51.0
55.0 167.0 51.0
Part <2>
4
58.0 -182.0 48.0
10.0 -182.0 48.0
10.0 -182.0 64.0
58.0 -182.0 64.0
Part <3>
4
12.0 -136.0 66.0
62.0 -136.0 66.0
62.0 -136.0 39.0
12.0 -136.0 39.0
Part <4>
8
14.0 -107.0 36.0
57.0 -107.0 36.0
64.0 -107.0 46.0
64.0 -107.0 62.0
57.0 -107.0 70.0
14.0 -107.0 70.0
6.0 -107.0 62.0
6.0 -107.0 46.0
59
28 27 24 23
29 30 24 23
30 27 24
30 29 28 27
33 34 28 27
29 23 28
31 32 30 29
32 33 27 30
34 31 29 28
31 32 33 34
35 36 33 34
40 39 32 31
38 37 33 32
41 42 34 31
37 38 39 40 41 42 35 36
9 8 35 36
42 34 35
37 36 33
12 11 39 40
38 32 39
41 40 31
10 37 38
7 41 42
12 40 41
11 38 39
9 36 37
8 42 35
7 12 11 10 9 8
14 15 9 8
18 17 11 12
11 38 10
9 10 37
8 42 7
12 7 41
13 18 12 7
14 13 7 8
15 16 10 9
16 17 11 10
13 14 15 16 17 18
6 5 17 18
3 2 14 15
1 6 18 13
5 4 16 17
4 3 15 16
2 1 13 14
1 6 5 4 3 2
19 20 3 2
22 21 6 5
19 2 1
20 4 3
22 5 4
21 1 6
25 26 22 21
19 20 22 21
26 25 19 20
21 19 1
22 4 20
20 22 26
19 25 21
