0.0 0.0 0.0 0.0 0.0
2
Cell <1>
0.0 0.0 0.0 0.0 0.0
1.0 1.0 0.3019607961177826
1.0 1.0 0.3019607961177826
true
9
Part <1>
6
0.0 -200.0 26.0
16.0 -200.0 0.0
55.0 -200.0 0.0
68.0 -200.0 26.0
55.0 -200.0 52.0
16.0 -200.0 52.0
Part <2>
8
14.0 -172.0 8.0
57.0 -172.0 8.0
64.0 -172.0 18.0
64.0 -172.0 34.0
57.0 -172.0 42.0
14.0 -172.0 42.0
6.0 -172.0 34.0
6.0 -172.0 18.0
Part <0>
6
0.0 -242.0 26.0
16.0 -242.0 0.0
55.0 -242.0 0.0
68.0 -242.0 26.0
55.0 -242.0 52.0
16.0 -242.0 52.0
Part <-2>
4
12.0 -372.0 12.0
62.0 -372.0 12.0
12.0 -372.0 42.0
62.0 -372.0 42.0
Part <3>
4
12.0 -136.0 12.0
62.0 -136.0 12.0
62.0 -136.0 39.0
12.0 -136.0 39.0
Part <4>
4
14.0 -107.0 18.0
57.0 -107.0 18.0
57.0 -107.0 36.0
14.0 -107.0 36.0
Part <5>
2
16.0 -65.0 27.0
55.0 -65.0 27.0
Part <-1>
6
0.0 -292.0 26.0
16.0 -292.0 0.0
55.0 -292.0 0.0
68.0 -292.0 26.0
55.0 -292.0 52.0
16.0 -292.0 52.0
Part <-3>
2
16.0 -432.0 27.0
55.0 -432.0 27.0
59
16 36 35 15
20 40 35 15
37 17 16 36
2 16 15 1
6 20 15 1
3 17 16 2
36 37 38 39 40 35
23 40 35
20 19 39 40
23 24 39 40
19 18 38 39
24 38 39
18 17 37 38
22 37 38
22 21 36 37
21 35 36
20 19 18 17 16 15
3 4 18 17
4 5 19 18
5 6 20 19
6 5 4 3 2 1
14 2 1
7 8 3 2
9 4 3
10 5 4
11 12 6 5
13 1 6
22 24 23 21
41 23 21
35 23 21
41 42 24 23
42 22 24
38 22 24
42 41 21 22
31 32 33 34
30 29 33 34
32 29 30 31
34 30 31
27 26 30 31
26 25 29 30
33 32 29
25 28 32 29
28 27 31 32
25 26 27 28
12 11 27 28
10 9 26 27
8 7 25 26
14 13 28 25
11 10 9 8 7 14 13 12
6 13 12
28 13 12
1 14 13
2 7 14
25 7 14
3 9 8
26 9 8
4 10 9
5 11 10
27 11 10
Cell <2>
0.0 0.0 0.0 0.0 0.0
1.0 0.0 0.0
1.0 0.0 0.0
true
9
Part <7>
6
0.0 27.0 53.0
16.0 27.0 27.0
55.0 27.0 27.0
68.0 27.0 53.0
55.0 27.0 79.0
16.0 27.0 79.0
Part <5>
6
0.0 -65.0 53.0
16.0 -65.0 27.0
55.0 -65.0 27.0
68.0 -65.0 53.0
55.0 -65.0 79.0
16.0 -65.0 79.0
Part <6>
6
0.0 -23.0 53.0
16.0 -23.0 27.0
55.0 -23.0 27.0
68.0 -23.0 53.0
55.0 -23.0 79.0
16.0 -23.0 79.0
Part <8>
4
12.0 107.0 39.0
62.0 107.0 39.0
12.0 107.0 69.0
62.0 107.0 69.0
Part <1>
2
16.0 -200.0 51.0
55.0 -200.0 51.0
Part <9>
2
16.0 167.0 51.0
55.0 167.0 51.0
Part <2>
4
57.0 -172.0 42.0
14.0 -172.0 42.0
14.0 -172.0 60.0
57.0 -172.0 60.0
Part <3>
4
12.0 -136.0 66.0
62.0 -136.0 66.0
62.0 -136.0 39.0
12.0 -136.0 39.0
Part <4>
8
14.0 -107.0 36.0
57.0 -107.0 36.0
64.0 -107.0 46.0
64.0 -107.0 62.0
57.0 -107.0 70.0
14.0 -107.0 70.0
6.0 -107.0 62.0
6.0 -107.0 46.0
59
23 24 27 28
29 30 27 28
34 33 27 28
30 24 27
30 29 23 24
29 28 23
31 32 30 29
33 32 30 27
31 34 28 29
33 32 31 34
42 41 31 34
40 39 32 31
38 37 33 32
36 35 34 33
42 41 40 39 38 37 36 35
8 9 36 35
37 33 36
42 35 34
10 38 37
39 32 38
11 12 40 39
41 31 40
7 42 41
9 37 36
11 39 38
12 41 40
8 35 42
7 8 9 10 11 12
18 17 11 12
15 14 8 9
13 14 8 7
42 8 7
15 16 10 9
37 10 9
16 17 11 10
38 11 10
18 13 7 12
41 7 12
13 14 15 16 17 18
6 5 17 18
5 4 16 17
4 3 15 16
3 2 14 15
2 1 13 14
1 6 18 13
1 2 3 4 5 6
21 22 5 6
22 4 5
20 4 3
20 19 2 3
19 1 2
21 6 1
25 26 22 21
19 20 22 21
20 4 22
26 25 19 20
21 1 19
20 26 22
19 21 25
