0.0 0.0 0.0 0.0 0.0
2
Cell <1>
0.0 0.0 0.0 0.0 0.0
1.0 1.0 0.3019607961177826
1.0 1.0 0.3019607961177826
true
9
Part <1>
6
0.0 -200.0 26.0
16.0 -200.0 0.0
55.0 -200.0 0.0
68.0 -200.0 26.0
55.0 -200.0 52.0
16.0 -200.0 52.0
Part <2>
8
12.0 -172.0 6.0
56.0 -172.0 6.0
64.0 -172.0 17.0
64.0 -172.0 33.0
56.0 -172.0 46.0
12.0 -172.0 46.0
4.0 -172.0 33.0
4.0 -172.0 17.0
Part <0>
6
0.0 -242.0 26.0
16.0 -242.0 0.0
55.0 -242.0 0.0
68.0 -242.0 26.0
55.0 -242.0 52.0
16.0 -242.0 52.0
Part <-2>
4
12.0 -322.0 12.0
62.0 -322.0 12.0
12.0 -322.0 42.0
62.0 -322.0 42.0
Part <3>
4
12.0 -146.0 12.0
56.0 -146.0 12.0
56.0 -146.0 40.0
12.0 -146.0 40.0
Part <4>
4
14.0 -127.0 18.0
54.0 -127.0 18.0
54.0 -127.0 34.0
14.0 -127.0 34.0
Part <5>
2
16.0 -97.0 26.0
52.0 -97.0 26.0
Part <-1>
6
0.0 -272.0 26.0
16.0 -272.0 0.0
55.0 -272.0 0.0
68.0 -272.0 26.0
55.0 -272.0 52.0
16.0 -272.0 52.0
Part <-3>
2
16.0 -352.0 27.0
55.0 -352.0 27.0
59
15 35 36 16
17 37 36 16
37 38 39 40 35 36
21 35 36
40 20 15 35
20 19 18 17 16 15
1 2 16 15
19 39 40 20
23 35 40
1 6 20 15
23 24 39 40
19 18 38 39
24 38 39
18 17 37 38
22 37 38
22 21 36 37
23 21 35
3 2 16 17
3 4 18 17
4 5 19 18
5 6 20 19
3 4 5 6 1 2
14 1 2
24 23 21 22
42 41 21 22
7 8 3 2
24 38 22
42 41 23 24
41 23 21
13 1 6
13 12 6
12 11 5 6
10 4 5
9 3 4
7 2 14
13 14 1
42 24 22
9 10 11 12 13 14 7 8
26 25 7 8
9 8 3
10 4 9
11 5 10
27 28 12 11
25 28 13 14
25 14 7
28 12 13
27 10 11
27 26 9 10
26 8 9
28 27 26 25
29 30 26 25
32 31 27 28
32 29 25 28
30 31 27 26
31 32 29 30
34 33 29 30
34 33 32 31
33 32 29
34 30 31
Cell <2>
0.0 0.0 50.0 0.0 0.0
1.0 0.0 0.0
1.0 0.0 0.0
true
9
Part <7>
6
0.0 27.0 53.0
16.0 27.0 27.0
55.0 27.0 27.0
68.0 27.0 53.0
55.0 27.0 79.0
16.0 27.0 79.0
Part <5>
6
0.0 -65.0 53.0
16.0 -65.0 27.0
55.0 -65.0 27.0
68.0 -65.0 53.0
55.0 -65.0 79.0
16.0 -65.0 79.0
Part <6>
6
0.0 -23.0 53.0
16.0 -23.0 27.0
55.0 -23.0 27.0
68.0 -23.0 53.0
55.0 -23.0 79.0
16.0 -23.0 79.0
Part <8>
4
12.0 107.0 39.0
62.0 107.0 39.0
12.0 107.0 69.0
62.0 107.0 69.0
Part <1>
2
16.0 -200.0 51.0
55.0 -200.0 51.0
Part <9>
2
16.0 167.0 51.0
55.0 167.0 51.0
Part <2>
4
57.0 -172.0 42.0
14.0 -172.0 42.0
14.0 -172.0 60.0
57.0 -172.0 60.0
Part <3>
4
12.0 -136.0 66.0
62.0 -136.0 66.0
62.0 -136.0 39.0
12.0 -136.0 39.0
Part <4>
8
14.0 -107.0 36.0
57.0 -107.0 36.0
64.0 -107.0 46.0
64.0 -107.0 62.0
57.0 -107.0 70.0
14.0 -107.0 70.0
6.0 -107.0 62.0
6.0 -107.0 46.0
59
23 24 27 28
29 30 27 28
34 33 27 28
30 24 27
30 29 23 24
29 28 23
31 32 30 29
32 33 27 30
31 34 28 29
32 31 34 33
36 35 34 33
40 39 32 31
38 37 33 32
42 41 31 34
42 41 40 39 38 37 36 35
8 9 36 35
37 33 36
42 35 34
12 11 39 40
38 32 39
41 40 31
10 38 37
7 42 41
9 37 36
11 39 38
12 41 40
8 35 42
12 41 7
8 7 42
7 8 9 10 11 12
18 17 11 12
9 37 10
11 10 38
15 14 8 9
13 18 12 7
17 16 10 11
16 15 9 10
14 13 7 8
13 18 17 16 15 14
2 3 15 14
5 6 18 17
1 2 14 13
3 4 16 15
4 5 17 16
6 1 13 18
1 2 3 4 5 6
21 22 5 6
20 19 2 3
19 2 1
20 4 3
22 5 4
21 1 6
25 26 22 21
19 20 22 21
20 4 22
26 25 19 20
21 1 19
20 22 26
19 25 21
